66
244
117
209
156
112
95
189
253
71
47
88
226
109
214
152
128
250
9
251
215
72
56
238
244
29
252
26
126
236
24
178
3
159
192
160
83
23
127
69
14
112
231
156
234
165
174
87
11
61
123
42
170
130
175
221
19
196
75
142
40
230
20
228
228
107
230
201
26
83
119
113
160
79
226
247
142
2
168
188
135
192
144
231
197
69
70
15
212
167
183
230
33
149
251
91
166
62
61
87
146
21
249
244
128
251
246
241
76
113
175
109
36
174
240
122
237
47
243
85
103
58
161
219
203
187
232
198
27
136
105
202
236
168
41
18
111
232
152
248
253
245
106
112
241
42
25
147
169
88
245
184
205
135
128
50
255
245
223
49
54
128
192
196
194
60
185
59
135
200
128
190
47
7
236
57
54
94
59
31
88
128
152
76
227
249
207
218
2
200
250
214
110
40
60
50
8
208
232
58
143
90
142
52
77
101
244
101
114
148
228
222
161
212
14
197
161
79
123
209
111
91
82
219
224
155
136
96
163
244
228
81
192
158
93
137
245
221
43
152
91
224
12
26
198
202
245
78
4
47
68
111
166
116
54
106
208
45
162
132
19
224
15
228
116
244
8
202
24
148
231
239
104
199
232
28
79
154
6
29
31
243
139
108
51
38
29
173
232
192
142
48
193
110
175
33
64
163
177
132
76
68
249
164
113
119
34
204
151
205
95
76
226
11
32
69
178
187
233
40
206
251
159
65
106
95
126
35
255
76
43
254
226
240
248
68
213
6
215
255
176
102
250
115
7
154
125
111
180
88
227
248
127
180
218
181
29
132
164
33
72
191
104
135
57
149
151
16
179
57
243
252
42
35
199
126
177
174
248
214
29
220
5
111
255
48
228
248
102
62
139
21
211
193
22
78
199
83
127
250
168
84
97
177
50
89
230
78
53
172
113
52
129
111
4
149
208
169
19
31
10
210
43
104
70
56
240
79
105
142
44
198
162
119
141
21
144
232
143
142
144
92
229
182
251
84
160
6
185
153
5
151
227
28
35
29
244
60
68
209
103
136
77
200
59
253
187
63
5
199
23
83
12
36
138
110
9
113
186
183
87
86
87
192
90
21
80
1
7
151
51
243
187
247
49
199
33
105
184
171
128
171
160
250
144
235
206
30
216
12
175
16
254
109
236
0
1
186
50
87
153
43
31
206
20
17
178
128
18
94
91
53
180
69
233
199
30
33
216
206
155
72
118
247
106
80
75
190
192
197
202
135
53
195
212
162
16
141
37
72
216
22
91
60
142
152
196
192
254
117
244
182
84
210
8
48
177
197
143
216
46
191
77
80
75
201
226
152
62
40
211
80
224
239
1
129
251
239
184
85
20
179
127
246
162
81
132
163
17
161
111
3
118
243
70
247
12
103
173
152
84
27
118
14
213
119
33
48
160
226
59
60
234
71
188
161
5
9
162
1
3
81
221
156
104
174
151
250
58
151
178
168
36
9
54
63
200
136
248
153
217
251
30
24
218
238
39
154
37
54
230
76
23
161
177
114
31
99
230
197
90
142
131
97
209
235
181
18
110
229
86
33
165
115
147
88
244
16
187
193
144
163
21
190
41
87
247
243
197
35
231
229
220
33
246
247
189
112
147
237
220
236
156
218
230
132
99
222
5
59
167
241
126
251
118
148
87
14
65
90
243
235
17
57
175
132
8
75
184
93
3
90
97
192
19
88
133
217
191
232
83
83
3
75
7
78
84
53
75
228
161
63
53
84
52
178
191
253
247
151
231
96
225
142
222
143
23
43
234
146
58
176
128
228
237
92
95
87
67
62
80
101
164
36
30
14
119
254
224
248
19
35
238
216
196
25
54
84
153
146
92
107
110
90
30
25
170
137
136
239
178
239
179
73
246
109
137
200
56
204
168
10
187
144
211
39
168
45
69
162
108
222
178
107
182
151
113
233
44
82
8
71
52
121
245
119
7
73
104
216
85
251
184
90
28
49
29
229
136
14
226
4
249
1
237
190
163
148
215
221
154
230
23
81
31
166
68
209
89
14
186
86
87
93
234
242
27
248
181
163
142
36
121
87
181
213
35
28
129
162
102
14
70
135
202
229
226
112
195
71
209
132
26
250
2
106
246
125
247
113
254
151
62
35
164
181
248
143
85
77
142
33
49
191
153
60
192
30
168
236
36
186
171
164
107
97
202
133
254
234
36
79
175
199
41
225
90
106
167
227
146
71
82
46
189
43
119
91
194
117
187
27
8
30
122
66
34
38
177
47